7 0.3921296296296296 0.26894097222222224 0.3237268518518518 0.5018402777777777
10 0.6725694444444444 0.2705034722222222 0.34201388888888895 0.4964236111111111
23 0.88984375 0.25897569444444446 0.2203125 0.4486458333333333
15 0.1296875 0.5734201388888889 0.16290509259259256 0.11781249999999996
15 0.2595486111111111 0.5815277777777779 0.12667824074074074 0.13333333333333322
15 0.1251736111111111 0.6386284722222222 0.13929398148148148 0.09340277777777786
15 0.26548032407407407 0.65109375 0.12337962962962959 0.10982638888888889
15 0.28645833333333337 0.7345659722222223 0.13090277777777776 0.12729166666666672
15 0.1521412037037037 0.7083506944444444 0.13912037037037037 0.11208333333333335
15 0.18067129629629627 0.778142361111111 0.1296875 0.08986111111111121
15 0.1691550925925926 0.8329166666666665 0.10127314814814818 0.06368055555555543
15 0.22239583333333335 0.8788888888888888 0.10052083333333331 0.07454861111111129
15 0.23923611111111112 0.9380381944444445 0.09942129629629629 0.08072916666666678
15 0.3412326388888889 0.97265625 0.12193287037037033 0.0546875
15 0.33136574074074077 0.8993055555555556 0.10555555555555554 0.12149305555555542
15 0.26739004629629626 0.986579861111111 0.12274305555555554 0.026840277777777997
15 0.22977430555555553 0.7502430555555556 0.363599537037037 0.49951388888888887
9 0.4083043981481481 0.8552256944444444 0.14299768518518516 0.14340277777777785
9 0.47566550925925927 0.8815798611111111 0.11984953703703702 0.16729166666666656
9 0.41640625 0.6071875 0.07818287037037042 0.067326388888889
9 0.402806712962963 0.6548611111111111 0.06290509259259255 0.07131944444444435
9 0.4495659722222222 0.67640625 0.06765046296296298 0.09333333333333335
9 0.3716435185185185 0.6861805555555556 0.055208333333333394 0.07253472222222221
9 0.5409722222222222 0.6173958333333334 0.08182870370370363 0.09552083333333332
9 0.5074652777777777 0.6696354166666667 0.05804398148148149 0.08979166666666671
9 0.5688078703703704 0.7408854166666666 0.06232638888888893 0.06350694444444435
9 0.4669270833333333 0.7636111111111111 0.31851851851851853 0.4315277777777776
12 0.9651041666666668 0.8067187499999999 0.06979166666666643 0.2973263888888888