7 0.5081712962962963 0.7716956018518518 0.3401851851851852 0.4566087962962964
23 0.06574074074074074 0.7382638888888888 0.13148148148148148 0.5077777777777778
10 0.2440798611111111 0.7563454861111112 0.3180092592592592 0.48730902777777774
9 0.692806712962963 0.25674189814814813 0.11591435185185191 0.14274305555555555
9 0.626736111111111 0.21410879629629634 0.1214467592592591 0.16804398148148147
9 0.6686400462962963 0.4176331018518519 0.0606481481481481 0.08324074074074073
9 0.5969039351851851 0.49115162037037036 0.0827314814814816 0.07143518518518518
9 0.6261168981481482 0.4498090277777778 0.05884259259259252 0.06449074074074072
9 0.585300925925926 0.41512731481481485 0.061701388888888785 0.09417824074074073
9 0.4806365740740741 0.4539351851851851 0.07828703703703717 0.08958333333333321
9 0.5261053240740741 0.4157349537037037 0.05686342592592588 0.09216435185185183
9 0.5752430555555555 0.3558101851851852 0.2770601851851852 0.35331018518518514
15 0.8743287037037037 0.5825231481481482 0.15368055555555565 0.1169675925925926
15 0.7384548611111111 0.5442071759259259 0.13108796296296302 0.13956018518518523
15 0.8960474537037036 0.5207465277777777 0.13297453703703682 0.09484953703703702
15 0.7610300925925927 0.48172453703703705 0.11780092592592588 0.09803240740740744
15 0.895005787037037 0.449681712962963 0.13769675925925923 0.12781249999999994
15 0.7668113425925925 0.3971238425925926 0.12504629629629632 0.12504629629629632
15 0.8938136574074074 0.38017939814814816 0.1409953703703703 0.08168981481481481
15 0.9211053240740741 0.32603587962962965 0.10072916666666672 0.06542824074074076
15 0.7964756944444444 0.13820023148148147 0.13045138888888896 0.10079861111111113
15 0.8767997685185186 0.21295717592592595 0.09547453703703682 0.0912384259259259
15 0.8305034722222221 0.3661979166666667 0.33478009259259245 0.5508217592592592
12 0.07421875 0.155931712962963 0.1484375 0.30734953703703705