7 0.6147916666666667 0.20973379629629632 0.3641666666666666 0.41946759259259264
15 0.8748958333333334 0.47497106481481477 0.13260416666666686 0.14481481481481479
15 0.8755208333333334 0.5589756944444444 0.16604166666666664 0.13278935185185184
15 0.83859375 0.6576562499999999 0.13114583333333335 0.14628472222222227
15 0.8807291666666668 0.6792824074074074 0.10447916666666686 0.1198032407407407
15 0.8694270833333334 0.7437615740740741 0.11635416666666672 0.1111689814814815
15 0.853125 0.8015335648148149 0.1476041666666667 0.06633101851851855
15 0.8501041666666665 0.8468460648148148 0.14552083333333324 0.08177083333333357
15 0.8659375 0.6443634259259259 0.21166666666666661 0.5603703703703704
23 0.4099479166666667 0.038550347222222225 0.13916666666666658 0.07710069444444445
23 0.27947916666666667 0.05034143518518519 0.12260416666666671 0.10068287037037038
12 0.3388541666666667 0.7767592592592593 0.2411458333333334 0.23217592592592595
12 0.35369791666666667 0.8342418981481481 0.290625 0.18063657407407413
12 0.3506250000000001 0.927025462962963 0.23145833333333332 0.11020833333333328
12 0.3638541666666667 0.6235358796296296 0.18625000000000008 0.15577546296296294