23 0.90546875 0.7578125 0.1828125 0.478125
7 0.39296875 0.75 0.2765625 0.49375
9 0.3125 0.1796875 0.103125 0.13125
9 0.38515625 0.14609375 0.0984375 0.1546875
9 0.309375 0.3421875 0.034375 0.071875
9 0.35 0.321875 0.040625 0.040625
9 0.3453125 0.3765625 0.059375 0.05
9 0.44765625 0.36171875 0.0453125 0.0921875
9 0.4890625 0.40546875 0.06875 0.0828125
9 0.3109375 0.42109375 0.05 0.0765625
9 0.36640625 0.42734375 0.0734375 0.0640625
9 0.4625 0.2203125 0.1125 0.0625
9 0.4953125 0.284375 0.05 0.059375
15 0.08125 0.33125 0.1 0.09375
15 0.21875 0.30078125 0.09375 0.0953125
15 0.07265625 0.4078125 0.1328125 0.084375
15 0.20546875 0.38671875 0.1109375 0.0859375
15 0.0875 0.465625 0.159375 0.096875
15 0.215625 0.45390625 0.109375 0.1171875
15 0.10078125 0.2609375 0.1328125 0.053125
15 0.22734375 0.05546875 0.1109375 0.0921875
15 0.1328125 0.1 0.078125 0.075
15 0.11640625 0.16640625 0.0921875 0.0609375
15 0.0796875 0.21015625 0.084375 0.0578125
15 0.1375 0.2578125 0.2375 0.515625
10 0.68203125 0.75703125 0.2796875 0.4859375
12 0.92890625 0.1921875 0.1421875 0.28125