7 0.54296875 0.24453125 0.3109375 0.4890625
9 0.68203125 0.83125 0.1109375 0.14375
10 0.26796875 0.284375 0.3328125 0.44375
9 0.74765625 0.7875 0.1078125 0.115625
9 0.6109375 0.62109375 0.221875 0.2171875
15 0.88046875 0.6796875 0.2390625 0.534375
15 0.79453125 0.50078125 0.0890625 0.1234375
15 0.921875 0.4609375 0.128125 0.103125
15 0.81640625 0.5671875 0.0921875 0.0875
15 0.93359375 0.52578125 0.1203125 0.0703125
15 0.8203125 0.66171875 0.109375 0.1046875
15 0.9390625 0.58984375 0.11875 0.1046875
15 0.9375 0.67421875 0.125 0.0828125
15 0.8390625 0.81796875 0.096875 0.1046875
15 0.84296875 0.8984375 0.1140625 0.084375
15 0.934375 0.765625 0.10625 0.0625
15 0.9265625 0.8296875 0.084375 0.071875
15 0.590625 0.93359375 0.053125 0.1171875
15 0.7203125 0.94296875 0.071875 0.0640625
9 0.6328125 0.628125 0.046875 0.09375
9 0.58203125 0.65234375 0.0578125 0.1296875
23 0.07421875 0.31640625 0.1484375 0.4390625
12 0.125 0.88359375 0.13125 0.2328125