7 0.3953125 0.2421875 0.246875 0.46875
10 0.678125 0.24765625 0.265625 0.4796875
23 0.91171875 0.2390625 0.1765625 0.45625
15 0.0828125 0.53359375 0.146875 0.0984375
15 0.21171875 0.546875 0.1078125 0.11875
15 0.06796875 0.59765625 0.1265625 0.0765625
15 0.20703125 0.61640625 0.1078125 0.0953125
15 0.2140625 0.7 0.1125 0.1125
15 0.08359375 0.66796875 0.1234375 0.0953125
15 0.10078125 0.7390625 0.1171875 0.075
15 0.08046875 0.79296875 0.0921875 0.0515625
15 0.1265625 0.840625 0.090625 0.0625
15 0.134375 0.9 0.0875 0.06875
15 0.22890625 0.959375 0.1109375 0.08125
15 0.2328125 0.865625 0.0875 0.109375
15 0.153125 0.971875 0.115625 0.05625
15 0.15234375 0.74140625 0.2828125 0.5171875
9 0.3171875 0.825 0.121875 0.128125
9 0.38046875 0.85390625 0.0953125 0.1546875
9 0.365625 0.57890625 0.06875 0.0578125
9 0.34375 0.62578125 0.053125 0.0640625
9 0.3875 0.64921875 0.053125 0.0859375
9 0.3078125 0.65546875 0.04375 0.0671875
9 0.48828125 0.59453125 0.0671875 0.0859375
9 0.446875 0.6453125 0.04375 0.084375
9 0.496875 0.71875 0.053125 0.05625
9 0.390625 0.73671875 0.253125 0.3984375
12 0.93125 0.80390625 0.11875 0.2828125