7 0.40078125 0.2484375 0.2578125 0.49375
23 0.909375 0.24140625 0.178125 0.4796875
10 0.6671875 0.24453125 0.2375 0.4796875
9 0.3109375 0.82578125 0.09375 0.1265625
9 0.38359375 0.85703125 0.0953125 0.1515625
9 0.30859375 0.6640625 0.0484375 0.075
9 0.3671875 0.5796875 0.071875 0.059375
9 0.3453125 0.625 0.05 0.05625
9 0.390625 0.65234375 0.046875 0.0859375
9 0.4875 0.596875 0.065625 0.078125
9 0.44921875 0.6421875 0.0421875 0.084375
9 0.41015625 0.709375 0.2234375 0.315625
15 0.0796875 0.5359375 0.1375 0.09375
15 0.21953125 0.55078125 0.1109375 0.1203125
15 0.0640625 0.59921875 0.128125 0.0734375
15 0.20703125 0.61640625 0.1046875 0.0796875
15 0.08125 0.66953125 0.11875 0.1078125
15 0.215625 0.7 0.10625 0.10625
15 0.09375 0.7375 0.13125 0.059375
15 0.07578125 0.7953125 0.0921875 0.05
15 0.22890625 0.959375 0.1171875 0.08125
15 0.13828125 0.89921875 0.0828125 0.0765625
15 0.14765625 0.740625 0.2703125 0.50625
12 0.93671875 0.82421875 0.1046875 0.2921875