23 0.8190625 0.7759375000000001 0.29506944444444444 0.41729166666666656
7 0.32385416666666667 0.7119791666666666 0.39333333333333337 0.5522222222222222
9 0.3858159722222222 0.13744791666666667 0.13305555555555557 0.15444444444444444
9 0.4650868055555556 0.11928819444444443 0.13510416666666672 0.17635416666666667
9 0.34326388888888887 0.2953472222222222 0.05173611111111107 0.0792361111111111
9 0.38723958333333336 0.28421874999999996 0.04951388888888895 0.04951388888888886
9 0.3696701388888889 0.3369270833333333 0.07013888888888893 0.06402777777777775
9 0.4726215277777778 0.34244791666666663 0.06784722222222221 0.10145833333333334
9 0.5019270833333334 0.3941145833333334 0.08809027777777771 0.09878472222222215
9 0.3251388888888889 0.3730555555555556 0.06753472222222215 0.08739583333333334
9 0.37706597222222227 0.3906423611111111 0.08770833333333332 0.08159722222222214
9 0.521701388888889 0.2070486111111111 0.12534722222222214 0.08868055555555558
9 0.537326388888889 0.27697916666666667 0.06402777777777793 0.07013888888888893
15 0.12432291666666666 0.23852430555555557 0.12128472222222224 0.11670138888888885
15 0.2656944444444444 0.23694444444444446 0.11503472222222229 0.11656250000000004
15 0.09770833333333333 0.3117361111111111 0.1509375 0.11579861111111107
15 0.23109375000000001 0.31814236111111105 0.13055555555555554 0.11222222222222218
15 0.0971701388888889 0.37109375 0.17944444444444446 0.13361111111111104
15 0.22489583333333335 0.38621527777777775 0.13590277777777776 0.14201388888888894
15 0.16090277777777778 0.17368055555555556 0.14243055555555553 0.084375
15 0.33368055555555554 0.02824652777777778 0.12951388888888893 0.05649305555555556
15 0.2304513888888889 0.03388888888888889 0.09534722222222225 0.06777777777777778
15 0.19960069444444445 0.08380208333333332 0.10489583333333333 0.08197916666666667
15 0.15274305555555556 0.1192013888888889 0.09697916666666666 0.07711805555555555
15 0.19644097222222223 0.23015625 0.35711805555555554 0.4603125
10 0.6018229166666667 0.7479687500000001 0.39184027777777786 0.4850347222222222
12 0.9363715277777779 0.2759201388888889 0.12086805555555528 0.3087847222222222