7 0.3796875 0.21875 0.31875 0.4375
15 0.0890625 0.51484375 0.11875 0.1328125
15 0.0796875 0.5984375 0.153125 0.11875
15 0.10703125 0.696875 0.1171875 0.134375
15 0.0625 0.71953125 0.09375 0.1109375
15 0.0671875 0.78359375 0.10625 0.1015625
15 0.07734375 0.840625 0.1421875 0.053125
15 0.07578125 0.8859375 0.1390625 0.06875
15 0.07890625 0.68359375 0.1578125 0.5453125
23 0.60234375 0.053125 0.1296875 0.090625
23 0.73125 0.06953125 0.1125 0.1015625
12 0.596875 0.80390625 0.21875 0.2109375
12 0.5765625 0.86171875 0.275 0.1546875
12 0.5703125 0.9546875 0.221875 0.090625
12 0.5875 0.65078125 0.171875 0.1390625