7 0.37817708333333333 0.2804861111111111 0.45614583333333336 0.5499537037037037
9 0.34541666666666665 0.8775694444444444 0.15322916666666675 0.16983796296296286
10 0.6563541666666667 0.26446180555555554 0.46229166666666666 0.5017939814814815
9 0.27296875 0.8488078703703703 0.14197916666666668 0.14143518518518539
9 0.37890625 0.65703125 0.28479166666666667 0.27197916666666677
15 0.16140625 0.7390625 0.3228125 0.521875
15 0.1759375 0.5782175925925926 0.125 0.1440509259259258
15 0.061510416666666665 0.5664699074074073 0.12302083333333333 0.13569444444444442
15 0.16661458333333332 0.6476099537037037 0.11812500000000004 0.11109953703703716
15 0.056796875000000004 0.6322106481481482 0.11359375000000001 0.10085648148148145
15 0.17916666666666667 0.7411342592592594 0.13979166666666668 0.1320138888888888
15 0.062239583333333334 0.6965972222222222 0.12447916666666667 0.13385416666666677
15 0.07015625 0.7784953703703703 0.1403125 0.11510416666666679
15 0.18828125 0.897962962962963 0.1270833333333333 0.12851851851851848
15 0.19869791666666667 0.9599479166666667 0.13697916666666665 0.08010416666666664
15 0.08546875000000001 0.8667361111111112 0.12447916666666665 0.08945601851851848
15 0.10406249999999999 0.9283449074074074 0.10604166666666667 0.09358796296296283
15 0.45375 0.9469039351851851 0.0877083333333335 0.10619212962962976
15 0.3282291666666667 0.9762789351851853 0.08979166666666671 0.04744212962962955
9 0.35859375 0.6681712962962962 0.0755208333333333 0.10359953703703706
9 0.4125 0.6815104166666666 0.09677083333333343 0.1416550925925925
23 0.85375 0.25074074074074076 0.2800000000000001 0.4574074074074074
12 0.8800000000000001 0.8080844907407407 0.153125 0.2618402777777778