16 0.5515625 0.2265625 0.234375 0.265625
16 0.77890625 0.590625 0.1515625 0.203125
16 0.27265625 0.6609375 0.1921875 0.228125
16 0.2953125 0.34140625 0.21875 0.2828125
16 0.58828125 0.7109375 0.1515625 0.23125
16 0.18125 0.4875 0.1875 0.196875
16 0.7328125 0.24453125 0.134375 0.2640625
16 0.871875 0.3046875 0.15 0.215625
16 0.13203125 0.64375 0.1359375 0.196875
16 0.3140625 0.81953125 0.303125 0.0984375
16 0.4953125 0.86484375 0.2375 0.0921875
16 0.703125 0.77734375 0.125 0.2171875
16 0.3890625 0.26640625 0.090625 0.2453125
16 0.2484375 0.19375 0.175 0.190625
16 0.35078125 0.51796875 0.1953125 0.2046875
16 0.4421875 0.4078125 0.08125 0.175
16 0.51796875 0.37734375 0.1203125 0.2859375