16 0.588107638888889 0.8013020833333332 0.2756481481481483 0.31666666666666654
16 0.7582175925925926 0.4179166666666666 0.18291666666666656 0.23708333333333337
16 0.24721064814814814 0.39322916666666663 0.22688657407407406 0.26968749999999997
16 0.31755787037037037 0.7097916666666666 0.26326388888888885 0.3314583333333335
16 0.5518460648148148 0.31505208333333334 0.18780092592592582 0.26395833333333335
16 0.18333333333333335 0.575 0.21728009259259257 0.23781250000000007
16 0.7642303240740741 0.7669270833333333 0.1755208333333332 0.2928125
16 0.8929571759259259 0.6942187499999999 0.18299768518518533 0.24802083333333336
16 0.11098379629629629 0.42322916666666666 0.16722222222222224 0.22666666666666657
16 0.2648263888888889 0.23104166666666667 0.31513888888888886 0.16624999999999995
16 0.4372395833333333 0.16984375000000002 0.2493865740740741 0.1446875
16 0.6555902777777778 0.23833333333333334 0.15954861111111107 0.24489583333333337
16 0.4217997685185185 0.7769270833333334 0.1300231481481482 0.2647916666666667
16 0.2929803240740741 0.8621354166666666 0.20472222222222225 0.2291666666666668
16 0.3462557870370371 0.5288020833333333 0.226724537037037 0.24781250000000005
16 0.4525868055555556 0.63046875 0.10918981481481485 0.19312500000000005
16 0.5321412037037037 0.6537499999999999 0.1662962962962963 0.3125