9 0.7468576388888889 0.74546875 0.2465972222222222 0.221875
9 0.4400347222222222 0.8788020833333334 0.25957175925925924 0.24239583333333323
9 0.8941840277777778 0.6079166666666667 0.2116319444444444 0.2936458333333333
9 0.583912037037037 0.7665104166666667 0.2444097222222222 0.26374999999999993
9 0.327974537037037 0.7284375 0.21159722222222221 0.2615625
9 0.5391608796296297 0.5759895833333333 0.2810763888888889 0.25218749999999995
9 0.7286284722222222 0.5691666666666666 0.26112268518518533 0.23062500000000002
9 0.707957175925926 0.3779166666666667 0.2684027777777779 0.2746874999999999
9 0.42008680555555555 0.24744791666666668 0.30968750000000006 0.3147916666666667
9 0.3820486111111111 0.38031249999999994 0.32787037037037037 0.2802083333333334
9 0.18220486111111112 0.5140625 0.23658564814814814 0.2367708333333333
9 0.16603587962962962 0.32 0.3113310185185185 0.29000000000000004