9 0.3359375 0.265625 0.20625 0.16953125
9 0.67734375 0.1671875 0.209375 0.2046875
9 0.1359375 0.37890625 0.18984375 0.24609375
9 0.50390625 0.265625 0.19140625 0.21640625
9 0.75 0.33515625 0.1578125 0.22265625
9 0.5015625 0.45703125 0.234375 0.19296875
9 0.31015625 0.43984375 0.21953125 0.175
9 0.2828125 0.62890625 0.21484375 0.22109375
9 0.53828125 0.7921875 0.24921875 0.253125
9 0.609375 0.66796875 0.2765625 0.2109375
9 0.8421875 0.5625 0.19140625 0.18828125
9 0.81015625 0.75390625 0.259375 0.22421875