15 0.8384895833333333 0.5602083333333334 0.32302083333333337 0.5225
21 0.46311342592592597 0.36953125 0.8585069444444444 0.6623958333333333
20 0.5989930555555556 0.6633333333333333 0.5758564814814815 0.43562499999999993
23 0.8444560185185186 0.3905208333333333 0.21708333333333343 0.23791666666666664
21 0.9660243055555554 0.5805208333333333 0.06795138888888914 0.10104166666666678
21 0.9643113425925925 0.7042708333333334 0.05760416666666686 0.031770833333333214
21 0.8978877314814815 0.7464583333333333 0.05275462962962969 0.029895833333333323
21 0.9128761574074075 0.5723958333333334 0.02398148148148138 0.021770833333333427
21 0.8393865740740741 0.584375 0.033518518518518545 0.023958333333333394
21 0.8428472222222222 0.6329166666666667 0.07107638888888879 0.04197916666666668
21 0.8839641203703703 0.6577083333333333 0.043055555555555715 0.026145833333333358
21 0.9712934027777778 0.4731770833333333 0.05741319444444457 0.055312499999999966