15 0.14765625 0.46875 0.2921875 0.440625
21 0.60078125 0.58046875 0.7078125 0.4515625
20 0.4265625 0.3140625 0.478125 0.29375
23 0.22421875 0.6265625 0.1515625 0.19375
21 0.053125 0.46484375 0.09375 0.0734375
21 0.0625 0.3375 0.053125 0.015625
21 0.121875 0.284375 0.046875 0.015625
21 0.13125 0.459375 0.01875 0.015625
21 0.2015625 0.434375 0.028125 0.015625
21 0.19140625 0.38671875 0.0640625 0.0234375
21 0.14765625 0.36953125 0.0390625 0.0140625
21 0.0859375 0.56796875 0.046875 0.0421875
21 0.0078125 0.3484375 0.0125 0.028125