18 0.2088715277777778 0.13286458333333334 0.33024305555555555 0.2566550925925926
9 0.8831076388888889 0.25566550925925924 0.21545138888888893 0.26341435185185186
9 0.6788715277777777 0.20960069444444446 0.2662152777777777 0.2857870370370371
9 0.48692708333333334 0.16014467592592593 0.20822916666666663 0.2408912037037037
9 0.7154166666666667 0.45446180555555554 0.3158680555555556 0.2831597222222223
9 0.4839409722222222 0.5128877314814815 0.2647916666666667 0.28874999999999995
9 0.4059548611111111 0.3329398148148148 0.28326388888888887 0.2844444444444445
9 0.9028993055555556 0.6240162037037037 0.19420138888888872 0.33125
9 0.67109375 0.6644965277777779 0.2939236111111111 0.2793287037037036
9 0.8063715277777778 0.8037268518518518 0.2852777777777778 0.3297569444444445
9 0.5927777777777778 0.8785011574074074 0.2939583333333333 0.2429976851851851
9 0.45140625000000006 0.7257002314814816 0.2852430555555555 0.2939814814814815
9 0.21189236111111112 0.5857696759259259 0.35413194444444446 0.30423611111111126
9 0.15515625 0.8139583333333335 0.2511458333333333 0.29666666666666675
9 0.34894097222222226 0.8851649305555556 0.28413194444444445 0.2296701388888888
9 0.11868055555555557 0.3257002314814815 0.20875 0.28760416666666666