18 0.8578125 0.12734375 0.284375 0.2546875
9 0.18125 0.11015625 0.1734375 0.21796875
9 0.3859375 0.1171875 0.22109375 0.228125
9 0.57890625 0.11015625 0.1671875 0.21171875
9 0.32265625 0.35234375 0.27421875 0.21171875
9 0.54140625 0.47109375 0.21953125 0.23125
9 0.63828125 0.31171875 0.240625 0.221875
9 0.09609375 0.46796875 0.18828125 0.28359375
9 0.3421875 0.57421875 0.253125 0.21328125
9 0.19453125 0.678125 0.2328125 0.26796875
9 0.3890625 0.85234375 0.2421875 0.26640625
9 0.54921875 0.6921875 0.240625 0.23125
9 0.79921875 0.61484375 0.3109375 0.2234375
9 0.83671875 0.859375 0.22109375 0.240625
9 0.62890625 0.89765625 0.24453125 0.2046875
9 0.91953125 0.37890625 0.1609375 0.2453125