9 0.38755208333333335 0.4408854166666666 0.3401504629629629 0.16947916666666668
9 0.7672685185185185 0.5678124999999999 0.3792129629629629 0.1720833333333335
9 0.37431134259259263 0.5400520833333333 0.38069444444444445 0.16125000000000006
9 0.2012326388888889 0.5855729166666667 0.32436342592592593 0.14656249999999993
9 0.21760416666666668 0.696875 0.38386574074074076 0.1677083333333334
9 0.54078125 0.6480729166666667 0.3431712962962962 0.15562500000000004
9 0.1839988425925926 0.80171875 0.31820601851851854 0.1586458333333333
9 0.5634780092592593 0.7496354166666667 0.33690972222222226 0.1536458333333332
9 0.18708912037037034 0.9121354166666666 0.34162037037037035 0.1570833333333333
9 0.5426041666666667 0.8240624999999999 0.3790972222222223 0.1564583333333335
9 0.5410011574074074 0.9280208333333334 0.39940972222222226 0.14395833333333313
9 0.8040162037037037 0.671875 0.3367708333333333 0.13489583333333338
9 0.8346296296296296 0.7598958333333333 0.30881944444444437 0.1564583333333333
9 0.8074016203703703 0.84796875 0.3179513888888891 0.12427083333333329
9 0.8371469907407407 0.930625 0.2730208333333334 0.13874999999999993