9 0.3890625 0.41640625 0.33671875 0.14140625
9 0.77109375 0.51171875 0.37578125 0.13984375
9 0.378125 0.5171875 0.37734375 0.12890625
9 0.20703125 0.57734375 0.321875 0.11875
9 0.22578125 0.68671875 0.38046875 0.13515625
9 0.546875 0.6109375 0.33984375 0.12734375
9 0.1953125 0.79453125 0.315625 0.13203125
9 0.57265625 0.71015625 0.33359375 0.125
9 0.20078125 0.9046875 0.33828125 0.12890625
9 0.553125 0.78671875 0.37578125 0.125
9 0.5546875 0.89765625 0.396875 0.125
9 0.8109375 0.6125 0.33359375 0.10703125
9 0.84296875 0.69765625 0.30625 0.13046875
9 0.81875 0.78828125 0.315625 0.09765625
9 0.85078125 0.88515625 0.26875 0.15