18 0.80859375 0.41640625 0.3234375 0.29609375
9 0.1375 0.1375 0.18828125 0.19453125
9 0.65390625 0.22265625 0.1671875 0.234375
9 0.83203125 0.14921875 0.2234375 0.228125
9 0.14765625 0.3328125 0.18203125 0.19296875
9 0.27109375 0.453125 0.2515625 0.18828125
9 0.4328125 0.5234375 0.29609375 0.21015625
9 0.13359375 0.678125 0.26640625 0.2265625
9 0.2390625 0.8734375 0.26953125 0.20546875
9 0.40859375 0.73203125 0.23125 0.21015625
9 0.68515625 0.73671875 0.2515625 0.21640625
9 0.7671875 0.86796875 0.234375 0.2640625
9 0.51796875 0.9265625 0.29765625 0.146875
9 0.91015625 0.65703125 0.159375 0.3109375