18 0.23266782407407405 0.5935937499999999 0.350462962962963 0.3282986111111111
9 0.9085792824074075 0.9157349537037037 0.1828414351851851 0.1685300925925926
9 0.39881365740740743 0.8028182870370368 0.18946759259259255 0.25150462962962966
9 0.22433449074074074 0.8584895833333335 0.24525462962962968 0.2498379629629631
9 0.8991030092592591 0.7426331018518518 0.20052083333333348 0.21202546296296293
9 0.7689236111111111 0.6101099537037037 0.26892361111111107 0.2129398148148148
9 0.6033854166666666 0.5244039351851851 0.31597222222222215 0.24006944444444436
9 0.8750578703703704 0.3987847222222222 0.24988425925925917 0.2528935185185185
9 0.7769097222222222 0.19376157407407407 0.28894675925925933 0.2316550925925926
9 0.6152777777777778 0.3180381944444445 0.2502314814814815 0.23315972222222223
9 0.3380208333333333 0.2861284722222222 0.27100694444444445 0.24106481481481482
9 0.24794560185185185 0.14988425925925927 0.2583912037037037 0.28041666666666665
9 0.4945601851851852 0.11406828703703704 0.3109953703703704 0.17288194444444444
9 0.11785300925925928 0.3435127314814815 0.1873263888888889 0.32743055555555556