5 0.553125 0.47734375 0.80859375 0.8671875
21 0.88046875 0.2609375 0.0953125 0.03515625
21 0.9140625 0.321875 0.06484375 0.0765625
21 0.93828125 0.45078125 0.06640625 0.0453125
21 0.95234375 0.3953125 0.0515625 0.06328125
21 0.17578125 0.6 0.04140625 0.11328125
21 0.4640625 0.0765625 0.10859375 0.06640625
21 0.68515625 0.075 0.06015625 0.03984375
21 0.93359375 0.6234375 0.03984375 0.11640625
21 0.91484375 0.65390625 0.06015625 0.08828125
21 0.196875 0.65859375 0.05 0.046875
21 0.21953125 0.70078125 0.075 0.0484375
21 0.2859375 0.765625 0.06796875 0.03828125