5 0.4721701388888889 0.5255121527777777 0.929699074074074 0.9489756944444444
21 0.13653935185185184 0.7098726851851852 0.10070601851851854 0.04885416666666664
21 0.10513310185185185 0.6451331018518518 0.07608796296296295 0.08497685185185197
21 0.08586805555555557 0.5140162037037037 0.07298611111111111 0.055208333333333214
21 0.06991319444444445 0.5669502314814815 0.05973379629629629 0.07010416666666668
21 0.8542708333333333 0.4720486111111112 0.05763888888888893 0.11986111111111111
21 0.5471817129629629 0.9508854166666666 0.11795138888888879 0.08091435185185177
21 0.32515625 0.9214525462962962 0.06641203703703705 0.04863425925925924
21 0.09648726851851852 0.3431539351851852 0.05615740740740742 0.12134259259259261
21 0.11608217592592593 0.3153414351851852 0.07204861111111112 0.09723379629629632
21 0.8347453703703703 0.41104166666666664 0.055798611111111285 0.05431712962962969
21 0.8136863425925925 0.36553819444444446 0.0825231481481481 0.058819444444444445
21 0.7498842592592593 0.2921064814814815 0.07258101851851854 0.047395833333333394