6 0.1796875 0.7078125 0.2375 0.35
9 0.33515625 0.58515625 0.0765625 0.0734375
9 0.325 0.65546875 0.078125 0.0609375
9 0.334375 0.709375 0.078125 0.078125
9 0.33984375 0.759375 0.0671875 0.05625
9 0.340625 0.81875 0.075 0.059375
9 0.41796875 0.575 0.0828125 0.090625
9 0.415625 0.65 0.0875 0.0625
9 0.41796875 0.70546875 0.0828125 0.0578125
9 0.415625 0.76328125 0.065625 0.0453125
9 0.421875 0.8203125 0.06875 0.06875
9 0.5 0.59921875 0.090625 0.1078125
9 0.50625 0.6703125 0.090625 0.053125
9 0.496875 0.721875 0.08125 0.065625
9 0.49375 0.771875 0.075 0.06875
9 0.490625 0.828125 0.071875 0.053125
9 0.61328125 0.584375 0.1140625 0.134375
9 0.609375 0.6796875 0.115625 0.071875
9 0.60234375 0.728125 0.1171875 0.078125
9 0.60078125 0.79296875 0.1140625 0.0609375
9 0.6 0.84609375 0.115625 0.0484375
14 0.803125 0.70625 0.25 0.359375
9 0.3359375 0.69765625 0.08125 0.3046875
9 0.41640625 0.68984375 0.0765625 0.3171875
9 0.50234375 0.69921875 0.0796875 0.3046875
9 0.603125 0.69296875 0.10625 0.3484375
18 0.26484375 0.959375 0.1015625 0.08125