14 0.80390625 0.7078125 0.2546875 0.35625
9 0.61484375 0.58203125 0.1171875 0.1390625
9 0.61328125 0.6796875 0.1140625 0.06875
9 0.60546875 0.73359375 0.1140625 0.0703125
9 0.60546875 0.79375 0.1171875 0.05625
9 0.60078125 0.83984375 0.1140625 0.0546875
9 0.50234375 0.59609375 0.0828125 0.0984375
9 0.50390625 0.67734375 0.0796875 0.0546875
9 0.5 0.72734375 0.075 0.0546875
9 0.4953125 0.775 0.075 0.059375
9 0.49140625 0.828125 0.0734375 0.05625
9 0.41953125 0.5765625 0.0796875 0.09375
9 0.41796875 0.65234375 0.0796875 0.0546875
9 0.41875 0.7078125 0.075 0.053125
9 0.41484375 0.75859375 0.0734375 0.0546875
9 0.41953125 0.82109375 0.0671875 0.0640625
9 0.33203125 0.584375 0.0796875 0.06875
9 0.32734375 0.6546875 0.0734375 0.065625
9 0.3296875 0.703125 0.090625 0.078125
9 0.33515625 0.753125 0.0796875 0.0625
9 0.3421875 0.8203125 0.078125 0.06875
9 0.609375 0.69375 0.1125 0.35
9 0.50546875 0.70234375 0.0828125 0.3046875
9 0.41875 0.6921875 0.078125 0.3125
9 0.3359375 0.7 0.090625 0.296875
6 0.1796875 0.7015625 0.234375 0.35
18 0.265625 0.95234375 0.13125 0.0953125
18 0.7203125 0.9640625 0.10625 0.071875
13 0.303125 0.35390625 0.159375 0.3484375