14 0.8213310185185186 0.26353009259259264 0.2760416666666665 0.3799189814814815
9 0.6258449074074074 0.3658969907407407 0.13076388888888885 0.15876157407407404
9 0.635318287037037 0.27265625 0.12244212962962955 0.08920138888888882
9 0.6364699074074074 0.21702546296296293 0.11938657407407405 0.09825231481481482
9 0.6414988425925926 0.15708333333333332 0.11603009259259256 0.06667824074074077
9 0.6458333333333334 0.10894097222222224 0.1145717592592593 0.08057870370370371
9 0.6359953703703705 0.25851273148148146 0.1588541666666668 0.3677662037037037
9 0.5178125 0.3473900462962963 0.09614583333333329 0.1223842592592593
9 0.5289988425925927 0.2742997685185185 0.08472222222222214 0.055625000000000036
9 0.52859375 0.2196122685185185 0.07079861111111115 0.07291666666666663
9 0.5321180555555556 0.16764467592592594 0.06916666666666664 0.06337962962962962
9 0.5348842592592593 0.11888310185185184 0.07233796296296298 0.06995370370370373
9 0.5327546296296297 0.2535821759259259 0.11473379629629629 0.3132291666666667
9 0.43197916666666664 0.37036458333333333 0.09445601851851855 0.10503472222222224
9 0.4400347222222222 0.29681712962962964 0.0880208333333334 0.0793865740740741
9 0.44820023148148147 0.23811342592592594 0.07855324074074073 0.06591435185185182
9 0.45092013888888893 0.18310185185185185 0.07229166666666664 0.06370370370370368
9 0.46297453703703706 0.12164930555555556 0.07708333333333321 0.07825231481481483
9 0.44362268518518516 0.253443287037037 0.11802083333333328 0.3354282407407407
9 0.34848958333333335 0.2875462962962963 0.06915509259259256 0.06181712962962962
9 0.3668865740740741 0.23794560185185185 0.08030092592592589 0.09107638888888889
9 0.37435763888888884 0.19104166666666664 0.07708333333333331 0.07825231481481483
9 0.3824884259259259 0.12765046296296295 0.09271990740740747 0.0814351851851852
9 0.3713368055555556 0.2054282407407407 0.10947916666666657 0.23618055555555556
6 0.21506944444444445 0.21928819444444447 0.2508101851851852 0.34607638888888886
18 0.32372685185185185 0.025694444444444443 0.13182870370370373 0.05138888888888889