14 0.29465277777777776 0.7619560185185185 0.3360069444444445 0.4053703703703704
9 0.4507118055555555 0.6204398148148148 0.14968749999999997 0.16274305555555557
9 0.47416666666666674 0.7181944444444445 0.12937499999999993 0.09159722222222229
9 0.49444444444444446 0.7714641203703703 0.13107638888888892 0.09325231481481495
9 0.5083159722222221 0.8313483796296296 0.129826388888889 0.07918981481481495
9 0.5232812499999999 0.8773090277777778 0.1265625 0.07744212962962962
9 0.5638541666666667 0.6255902777777778 0.10503472222222214 0.11502314814814803
9 0.5811631944444444 0.7066608796296296 0.09177083333333336 0.07071759259259255
9 0.5956944444444444 0.7564814814814815 0.08694444444444435 0.06887731481481474
9 0.6115798611111112 0.804050925925926 0.088923611111111 0.07365740740740741
9 0.6271006944444444 0.8562615740740741 0.08708333333333336 0.07043981481481473
9 0.6408333333333334 0.59984375 0.1014930555555555 0.11015046296296305
9 0.6591493055555555 0.6747569444444445 0.09177083333333336 0.07071759259259255
9 0.6711111111111111 0.730642361111111 0.08680555555555554 0.06731481481481474
9 0.6864930555555555 0.7812905092592592 0.08538194444444454 0.06878472222222225
9 0.695954861111111 0.8440219907407407 0.08152777777777782 0.07788194444444443
9 0.7279166666666667 0.6003414351851852 0.09614583333333329 0.08496527777777771
9 0.7480902777777778 0.6699247685185185 0.08791666666666664 0.07981481481481474
9 0.7570833333333333 0.7186400462962963 0.10805555555555557 0.09655092592592603
9 0.7630902777777778 0.7687326388888889 0.09402777777777782 0.07862268518518523
9 0.7714756944444444 0.8368402777777778 0.09458333333333328 0.08487268518518505
9 0.48159722222222223 0.7318460648148148 0.19159722222222228 0.3719444444444445
9 0.5849479166666667 0.7317534722222223 0.15277777777777785 0.3199074074074074
9 0.6673784722222222 0.7148784722222222 0.14878472222222214 0.3274421296296296
9 0.750625 0.7159259259259259 0.1584722222222222 0.31402777777777774
6 0.8730034722222222 0.7047800925925926 0.2539930555555556 0.3963541666666666
18 0.876701388888889 0.9511226851851852 0.15375000000000005 0.09775462962962962
18 0.4318402777777778 0.9819560185185185 0.12034722222222224 0.036087962962962905
13 0.7041666666666666 0.368125 0.23888888888888893 0.37940972222222225