6 0.18125 0.70625 0.240625 0.359375
9 0.3359375 0.5828125 0.075 0.071875
9 0.3234375 0.65078125 0.071875 0.0671875
9 0.3375 0.70078125 0.08125 0.0765625
9 0.3421875 0.75234375 0.071875 0.0671875
9 0.33984375 0.815625 0.0765625 0.06875
9 0.409375 0.5734375 0.06875 0.0875
9 0.41328125 0.65078125 0.0703125 0.0671875
9 0.4125 0.70625 0.065625 0.05625
9 0.41484375 0.75546875 0.0671875 0.0578125
9 0.4140625 0.81875 0.05625 0.06875
9 0.50703125 0.596875 0.0734375 0.10625
9 0.509375 0.66953125 0.08125 0.0484375
9 0.5015625 0.72734375 0.0625 0.0640625
9 0.5015625 0.78203125 0.059375 0.0484375
9 0.49921875 0.82890625 0.0515625 0.0515625
9 0.615625 0.5828125 0.115625 0.140625
9 0.6109375 0.6765625 0.121875 0.06875
9 0.6046875 0.73359375 0.13125 0.0765625
9 0.59921875 0.7921875 0.1234375 0.0625
9 0.6015625 0.83828125 0.115625 0.0609375
14 0.79609375 0.68359375 0.2453125 0.3515625
9 0.334375 0.69765625 0.090625 0.3015625
9 0.4125 0.69453125 0.06875 0.3140625
9 0.5078125 0.6984375 0.071875 0.3
9 0.6046875 0.690625 0.125 0.35