6 0.8722222222222221 0.7652893518518519 0.25555555555555565 0.3821875
9 0.7263020833333333 0.6274479166666667 0.08645833333333322 0.07962962962962958
9 0.7440972222222222 0.6967997685185185 0.08125 0.07466435185185176
9 0.7339409722222222 0.7450925925925926 0.09322916666666661 0.08468750000000007
9 0.7334201388888889 0.7962847222222222 0.08125 0.07466435185185176
9 0.740451388888889 0.8595659722222223 0.08767361111111108 0.07659722222222243
9 0.65234375 0.6114236111111111 0.08194444444444446 0.0948842592592591
9 0.65390625 0.6883506944444444 0.0796875 0.07457175925925927
9 0.6592881944444444 0.7437731481481482 0.07361111111111107 0.06179398148148145
9 0.6608506944444444 0.7927604166666666 0.07534722222222215 0.06344907407407412
9 0.6663194444444445 0.8559490740740741 0.0671875 0.07383101851851848
9 0.5561631944444445 0.6259027777777778 0.08871527777777785 0.11391203703703709
9 0.5586805555555555 0.6974537037037037 0.08854166666666678 0.056469907407407406
9 0.5714409722222222 0.756417824074074 0.07135416666666661 0.0694212962962963
9 0.5751736111111111 0.8109664351851851 0.06649305555555571 0.053611111111111144
9 0.5811631944444444 0.8578877314814815 0.05902777777777786 0.05627314814814817
9 0.4455729166666666 0.6014988425925927 0.13645833333333326 0.1524421296296296
9 0.4575520833333334 0.6953414351851852 0.1315972222222222 0.08075231481481478
9 0.4685763888888889 0.7526504629629629 0.14340277777777782 0.08921296296296291
9 0.47821180555555554 0.8114293981481481 0.13246527777777786 0.07459490740740753
9 0.4794270833333334 0.8572916666666668 0.12447916666666678 0.07256944444444428
14 0.2724826388888889 0.6851504629629629 0.2977430555555555 0.37465277777777783
9 0.73671875 0.7421527777777778 0.1354166666666668 0.3107060185185187
9 0.657986111111111 0.7320543981481482 0.11475694444444429 0.32034722222222206
9 0.562673611111111 0.7264062499999999 0.11631944444444428 0.3064699074074074
9 0.4653645833333334 0.7097743055555555 0.17690972222222218 0.36283564814814806