6 0.8040104166666666 0.802734375 0.2837037037037036 0.39453125
9 0.6620833333333334 0.6530671296296297 0.08560185185185176 0.0890625
9 0.664699074074074 0.7242766203703704 0.08541666666666678 0.0765625
9 0.6498495370370371 0.775462962962963 0.08879629629629626 0.0939814814814813
9 0.6388599537037037 0.8238136574074074 0.07438657407407412 0.06950231481481488
9 0.6319155092592592 0.8818287037037038 0.08226851851851844 0.07476851851851833
9 0.5813136574074074 0.6267939814814815 0.0952314814814816 0.10694444444444447
9 0.5753935185185185 0.7012731481481482 0.09483796296296312 0.08038194444444446
9 0.5668287037037038 0.7552662037037037 0.09005787037037045 0.07378472222222214
9 0.5629976851851852 0.8127314814814814 0.07109953703703695 0.058333333333333216
9 0.5505381944444444 0.8672164351851851 0.07769675925925927 0.0822337962962962
9 0.4971469907407407 0.6346064814814815 0.10488425925925923 0.12638888888888894
9 0.4825520833333334 0.7029803240740741 0.09782407407407412 0.07123842592592596
9 0.48645254629629625 0.7555555555555555 0.09017361111111111 0.08159722222222214
9 0.48484953703703704 0.8053819444444444 0.08396990740740744 0.08425925925925917
9 0.48177662037037033 0.8613425925925926 0.07902777777777778 0.06672453703703703
9 0.3857928240740741 0.5982638888888889 0.13186342592592598 0.1564814814814815
9 0.37938078703703704 0.6922164351851852 0.1247106481481481 0.09508101851851851
9 0.38089120370370366 0.7414930555555556 0.12792824074074077 0.1015625
9 0.3755902777777778 0.8050925925925926 0.12142361111111111 0.08391203703703702
9 0.3709085648148148 0.8578125 0.12123842592592596 0.07141203703703702
14 0.18411458333333333 0.6808738425925925 0.29792824074074076 0.4091435185185187
9 0.6496759259259259 0.763744212962963 0.12181712962962958 0.3211805555555557
9 0.5705034722222223 0.7399305555555555 0.11885416666666657 0.33188657407407407
9 0.4837731481481482 0.7327256944444445 0.12025462962962977 0.32106481481481486
9 0.38427662037037036 0.7066261574074074 0.15376157407407404 0.37037037037037024
18 0.6916956018518519 0.9917824074074074 0.11186342592592595 0.01643518518518512