14 0.79765625 0.6890625 0.2359375 0.325
9 0.61328125 0.58359375 0.1140625 0.1328125
9 0.6125 0.6765625 0.115625 0.0625
9 0.60703125 0.73203125 0.1109375 0.0734375
9 0.60546875 0.79140625 0.1109375 0.0421875
9 0.60390625 0.8390625 0.1078125 0.05625
9 0.6109375 0.690625 0.115625 0.340625
9 0.50234375 0.6 0.0828125 0.103125
9 0.50546875 0.6734375 0.0796875 0.0375
9 0.49921875 0.72734375 0.0640625 0.0578125
9 0.49609375 0.77890625 0.0640625 0.0484375
9 0.49375 0.82734375 0.065625 0.0546875
9 0.50703125 0.69375 0.0765625 0.29375
9 0.41875 0.57578125 0.084375 0.0859375
9 0.41875 0.64921875 0.08125 0.0609375
9 0.4203125 0.7078125 0.071875 0.05
9 0.41640625 0.76171875 0.0671875 0.0484375
9 0.421875 0.8234375 0.06875 0.0625
9 0.4171875 0.6921875 0.078125 0.315625
9 0.32578125 0.65625 0.0640625 0.046875
9 0.33828125 0.70625 0.0703125 0.075
9 0.340625 0.753125 0.06875 0.0625
9 0.34140625 0.815625 0.0859375 0.0625
9 0.3390625 0.73828125 0.08125 0.2171875
6 0.18359375 0.721875 0.2140625 0.296875
18 0.26640625 0.9515625 0.1203125 0.096875